23006939
23006966
23007242
23007805
23007964
23007978
23008042
23008105
23008264
23008539
23008907
23008922
23008932
23009061
23009068
23009094
23009290
23009835
23010139
23010250
23010442
23010495
23010500
23010955
23011118
23011650
23012014
23012202
23012301
23012563
23012692
23012735
23012975
23013025
23013069
23013253
23013763
23014276
23014319
23015289
23015892
23015956
23016134
23016243
23016245
23016354
23016369
23016489
23016895
23017099
23017429
23017777
23017823
23018018
23018283
23018359
23018518
23019249
23019279
23019329
23019441
23019551
23019594
23019689
23019905
23020382
23020461
23020863
23021119
23021371
23021507
23021727
23022139
23022232
23022487
23022712
23022983
23023071
23023100
23023209
23023273
23023365
23023419
23023426
23023518
23023529
23023621
23023717
23023722
23023737
23023762
23023802
23023819
23024051
23024357
23024592
23024670
23024750
23024831
23024840
23024991
23025008
23025312
23025347
23025504
23025552
23025562
23025805
23025957
23026259
23026300
23026335
23026467
23026575
23026644
23026708
23026722
23026783
23026830
23027334
23027361
23027409
23029487
23029556
23029559
23029569
23029763
23029846
23030023
23030053
23030585
23030631
23030697
23030699
23031009
23031037
23031635
23031750
23031880
23031923
23032140
23032190
23032715
23032718
23033350
23033360
23033433
23033468
23033596
23033628
23033629
23034087
23034153
23034258
23034307
23034309
23034645
23034692
23034864
23035209
23035781
23036272
23036567
23036724
23037270
23037451
23037543
23037609
23037693
23037886
23037956
23038042
23038625
23038793
23039110
23039977
23040006
23040282
23040299
23040329
23040351
23040448
23040456
23040553
23040561
23040659
23040670
23040723
23040820
23040918
23040984
23041047
23041106
23041469
23041701
23041755
23041787
23041826
23041844
23042276
23042297
23042313
23042335
23042343
23042410
23042576
23042701
23042987
23043328
23044085
23044210
23044299
23044306
23044424
23044551
23044640
23044655
23044689
23044803
23044977
23044987
23045017
23045022
23045054
23045302
23045403
23045558
23045599
23045621
23045645
23045725
23045730
23045807
23045866
23045907
23046057
23046164
23046195
23047126
23047222
23047226
23047378
23047469
23047497
23047519
23047563
23047915
23047982
23048112
23048125
23048278
23048462
23048580
23050097
23050629
23050678
23051202
23051293
23051311
23051461
23051464
23051489
23051555
23051836
23051857
23052031
23052140
23052299
23052478
23052510
23053069
23053163
23053768
23054147
23054285
23054623
23054699
23054701
23054704
23054719
23054916
23054957
23054994
23055039
23055138
23055858
23055910
23056144
23056145
23056179
23056204
23056556
23056593
23056600
23056656
23056704
23056713
23056721
23056735
23056737
23057314
23057685
23057745
23057829
23058063
23058287
23058770
23058918
23058965
23059047
23059102
23059531
23059618
23059711
23059879
23059906
23059913
23060050
23060493
23060954
23060993
23061685
23062122
23062286
23062370
23062372
23062816
23062923
23063333
23063352
23063362
23063392
23063521
23063523
23063528
23063564
23063628
23063679
23063821
23063980
23064047
23064799
23065188
23066114
23066229
23066332
23066399
23066709
23066710
23066818
23066982
23067226
23067360
23067585
23068287
23068623
23068688
23069282
23069303
23069324
23069386
23069427
23069453
23069667
23069765
23069788
23069793
23069833
23069860
23070045
23070175
23070209
23070802
23070958
23071063
23071228
23071285
23071376
23071410
23071426
30117576
23071506
23071580
23071601
23071699
23071829
23072133
23072292
23072739
23072749
23073018
23073051
23073105
23073117
23073176
23073330
23073477
23074253
23074358
23074554
23074622
23074645
23074818
23075431
23075680
23075778
23075815
23075839
23076048
23076052
23076310
23076394
23076528
23076878
23076881
23077288
23077329
23078045
23078112
23078180
23078240
23078277
23078510
23078754
23078856
23078864
23078881
23079004
23079141
23079368
23079467
23079496
23079689
23079774
23080236
23080693
23080706
23080778
23081163
23081410
23081425
23081433
23081934
23082014
23082072
23082100
23082252
23082302
23082367
23082450
23082576
23082685
23082759
23082880
23082945
23083152
23083660
23084706
23085142
23085247
23085589
23085613
23085733
23086025
23086079
23086285
23086476
23086552
23086647
23086853
23087472
23087612
23087630
23087712
23087895
23088633
23088859
23089052
23089217
23089429
23090597
23090607
23091081
23091204
23091396
23091414
23091562
23091631
23091761
23091988
23092211
23092305
23092639
23093012
23093332
23093355
23093388
23093434
23093442
23093592
23093812
23093913
23093953
23094007
23094085
23094743
23094798
23095032
23095122
23095872
23096248
23096410
23096467
23096520
23096532
23096559
23096572
23096740
23096781
23096802
23097155
23097189
23097265
23097280
23097441
23097542
23097550
23097637
23097704
23097724
23097779
23097854
23097855
23098092
23098251
23098256
23098402
23098420
23098632
23098751
23098963
23099517
23099631
23099655
23099704
23099733
23099735
23099761
23099768
23099801
23099818
23099852
23099868
23100963
23100982
23101009
23101041
23101124
23101235
23101273
23101462
23101490
23101509
23101527
23101540
23101549
23101586
23102343
23102795
23102904
23102912
23103201
23103291
23103319
23103340
23103583
23103595
23103619
23103753
23103826
23104254
23104426
23104789
23104990
23105108
23105184
23105560
23105743
23105927
23105937
23105944
23105958
23106049
23106082
23106421
23106516
23107550
23107820
23108209
23108296
23108525
23108832
23109266
23109567
23109656
23109809
23109983
23109988
23111446
23111449
23111458
23111533
23111592
23111802
23111889
23111931
23112198
23112288
23112750
23112927
23112950
23112973
23113224
23113295
23113318
23113354
23113494
23113495
23114078
23114130
23114405
23114729
23114937
23114961
23115070
23115127
23115137
23115154
23115271
23115305
23115323
23115407
23115503
23115607
23115951
23116623
23116821
23116962
23117067
23117110
23117228
23117907
23117961
23117963
23117989
23118118
23118180
23118327
23118335
23119393
23119600
23119662
23119675
23120351
23120360
23120401
23120497
23120680
23120725
23120816
23120897
23120937
23120948
23121759
23121937
23122037
23122165
23122166
23122641
23122988
23123004
23123273
23123351
23123368
23123383
23123395
23123466
23123513
23124125
23124264
23124297
23124348
23124399
23124471
23124518
23124661
23124668
23124751
23124786
23124818
23124906
23124957
23125023
23125083
23125531
23125627
23125884
23125944
23125965
23126024
23126039
23126064
23126750
23127147
23127194
23127295
23127420
23128657
23128715
23128857
23128894
23129023
23129116
23129281
23129459
23129532
23129977
23129978
23130074
23130142
23130167
23130261
23130323
23130341
23130859
23130861
23131032
23131075
23131101
23131340
23131700
23131784
23131821
23131848
23131902
23132292
23132297
23132299
23132344
23132505
23132543
23132657
23132790
23132815
23132822
23132863
23132909
23133089
23133176
23133290
23133403
23133428
23133586
23133641
23133652
23133716
23133778
23133941
23133957
23134055
23134099
23135511
23135531
23135698
23135716
23135753
23135785
23135801
23136039
23136134
23136394
23136425
23136431
23136558
23136756
23136807
23136925
23137261
23137325
23137331
23137444
23137517
23137756
23138062
23138518
23138546
23138552
23138795
23138811
23138933
23138951
23138969
23139145
23139176
23139243
23139311
23139315
23139353
23139633
23139657
23139858
23139990
23140059
23140127
23140168
23140170
23140204
23140277
23140378
23140385
23140461
23140589
23140608
23140621
23140644
23140978
23141181
23141337
23141507
23141605
23141800
23141823
23141985
23142003
23142304
23142352
23142381
23142663
23142839
23143764
23143850
23143945
23143972
23144409
23144508
23145215
23145391
23145791
23145884
23146043
23146271
23146462
23146762
23146838
23146962
23147161
23147275
23147328
23147375
23147439
23148393
23148418
23148831
23149029
23149730
23149875
23150828
23150924
23150948
23151038
23151091
23151153
23151160
23151176
23151244
23151548
23151560
23151869
23151962
23152044
23152495
23152788
23152860
23153139
23153255
23153273
23153325
23153479
23153496
23153759
23153769
23153830
23153853
23153929
23154020
23154105
23154151
23154235
23154327
23154413
23154435
23154542
23154660
23200207
23200259
23200290
23200346
23200447
23200573
23200660
23200676
23200861
23200937
23201522
23201550
23154925
23154945
23155004
23201854
23201940
23202116
23202131
23202176
23155327
23202217
23202241
23202370
23202485
23155662
23202716
23155826
23155842
23202762
23202766
23202769
23155894
23156003
23156042
23203206
23203351
23156732
23203488
23203514
23203556
23203583
23203593
23203608
23156921
23156970
23157016
23157093
23157142
23157194
23157234
23157302
23157433
23204272
23204321
23204377
23157486
23157536
23204491
23204498
23157575
23204519
23204622
23157769
23157775
23157832
23204798
23157918
23157947
23205127
23158071
23205594
23158535
23205664
23205784
23205977
23206046
23158958
23206054
23206119
23159538
23206614
23159756
23206711
23206750
23159794
23206794
23160045
23207269
23207298
23207336
23207434
23207615
23160779
23160857
23207948
23208127
23208184
23208243
23161450
23161590
23208411
23208506
23208563
23161783
23208711
23162052
23162178
23162236
23162272
23209179
23162419
23162505
23209516
23209618
23162570
23162865
23209821
23209847
23162884
23209963
23162980
23209973
23210014
23210038
23163207
23210231
23163287
23210454
23163617
23210627
23163834
23210758
23163845
23163916
23163940
23163996
23164272
23164286
23164736
23164993
23165048
23165222
23212045
23212111
23165316
23212129
23212221
23165429
23212352
23165590
23165611
23212904
23166587
23213259
23213309
23213316
23213411
23213437
23166869
23213591
23213618
23213863
23213888
23213947
23213971
23214179
23214350
23214434
23214575
23214799
23215015
23168856
23215071
23215233
23169218
23215499
23215511
23215580
23215598
23215604
23215611
23215728
23169744
23216064
23216088
23216094
23169901
23169941
23216258
23216294
23216300
23216329
23216408
23216487
23170248
23216779
23170671
23217118
23171019
23171041
23171060
23171074
23171109
23171209
23217329
23217364
23171323
23171543
23217949
23171760
23171772
23171873
23171922
23171942
23171954
23171979
23172209
23172222
23218761
23172352
23172477
23218773
23172486
23172522
23172564
23219073
23219097
23172825
23219238
23172967
23173034
23173144
23173181
23173278
23173314
23220665
23220773
23220923
23174580
23174605
23221263
23221374
23174786
23174814
23174828
23221434
23174868
23221697
23175091
23175215
23222178
23222281
23222451
23175927
23175942
23176049
23176226
23222909
23223229
23223322
23223332
23223585
23223643
23223708
23223710
23223765
23223770
23223797
23223919
23224068
23224181
23224495
23224599
23178378
23178429
23224700
23224761
23178552
23178571
23225056
23178796
23178838
23225205
23179390
23226335
23180222
23180464
23226680
23226868
23226973
23227066
23227083
23181049
23181146
23227361
23181391
23181491
23181495
23181509
23181545
23181921
23182000
23228232
23228514
23228519
23228630
23228849
23228921
23228950
23228952
23228981
23183868
23229109
23229114
23229175
23184026
23229305
23229380
23229661
23184542
23229871
23229881
23229915
23229976
23229989
23184814
23184815
23184862
23185002
23230165
23230201
23185148
23185164
23230417
23185350
23230501
23230533
23230539
23185513
23185517
23230659
23230684
23230706
23185671
23230813
23230830
23185697
23230906
23185801
23231003
23185929
23185999
23186254
23186267
23186300
23231527
23186545
23186583
23186588
23186666
23231786
23231975
23232128
23187120
23187132
23187240
23187277
23187310
23187380
23187416
23187440
23232948
23187497
23233565
23187808
23233572
23233604
23233716
23233868
23233970
23188627
23234345
23189073
23234646
23189365
23189586
23189620
23189758
23190234
23190581
23190679
23190855
23190869
23236198
23191241
23236617
23191281
23191309
23236730
23236757
23236863
23236926
23236953
23236973
23191706
23237016
23237191
23237218
23237709
23192476
23237824
23237888
23238092
23238121
23238230
23238274
23192900
23238371
23238446
23193052
23193128
23193314
23193349
23193371
23193465
23194016
23194186
23239773
23239858
23239931
23240009
23240047
23240056
23194357
23240099
23194379
23240166
23240254
23194499
23194594
23194655
23240263
23194768
23240326
23240464
23194943
23194956
23195086
23240744
23195298
23241152
23195988
23196063
23196138
23241413
23196378
23196506
23196522
23241891
23242010
23242110
23242111
23242287
23197244
23242381
23242475
23242504
23242533
23242560
23242564
23242609
23242775
23242838
23197756
23198042
23243397
23243589
23198409
23243655
23198559
23243737
23198691
23198699
23243833
23243960
23198843
23244138
23244181
23244224
23199076
23199082
23199085
23199136
23199206
23199445
23244716
23199586
23199721
23244923
23199916
23245253
23245280
23245468
23245577
22298187
22298279
22298328
23246280
23246610
23246625
22299124
23246704
23246709
22299181
22299443
22299533
23246918
22299657
22299669
23247315
23247570
23247627
23247781
22300330
22300363
23247933
22300473
23248013
23248122
23248180
23248224
23248266
23248303
23248447
23248548
23248616
23248633
23248716
22300668
22300671
22301043
22400401
22301231
22301558
23250114
22301729
22401207
22401446
22301911
23250582
22402092
23251382
23251419
23251457
23251517
22601863
23251602
23251635
23251739
22402998
22403072
22403128
23251891
23251967
23252023
22602425
23252114
23252178
23252190
23252291
22304077
23252745
22603607
23252864
22603802
23252915
23252934
23252952
22304233
22604005
22604008
23253258
23253319
22304535
23253354
22304585
22304623
22304626
23253522
22304837
23253587
22304902
23253661
23253681
22406404
22305161
22406713
22406721
22604938
22605067
22605116
22305373
23254111
23254252
22407605
23254287
23254292
23254380
23254390
23254428
23254444
23254500
22306112
22605989
22408019
22606177
22306263
22306275
22306299
22606408
22606412
23254985
23254997
22306434
22606580
22306482
23255181
23255211
22606846
23255357
23255451
23255455
22409555
23255633
23255644
22307125
22409900
23255755
22307202
22607532
22307394
22410352
22607839
22307501
22307676
22307680
22608541
22307691
22410793
22307843
22609121
22307923
22307969
22411121
22308064
22411240
22308153
22308179
22308338
22411944
22308412
22308484
22308521
22609824
22308698
22309165
22611396
22413331
22309245
22309287
22309325
22309342
22309689
22414718
22414852
22309929
22309953
22310005
22612497
22415324
22310045
22310110
22310152
22613706
22613801
22416107
22310887
22311104
22417175
22614594
22614631
22417638
22614935
22615021
22311767
22312280
22418916
22418985
22418990
22312521
22312574
22419935
22313607
22420629
22313730
22618723
22314305
22314487
22314553
22314571
22314612
22314673
22314932
22315085
22315092
22315116
22315183
22315304
22315414
22315418
22620709
22423934
22315623
22315667
22315715
22315820
22315904
22315937
22315955
22424443
22424483
22316005
22622216
22622409
22316177
22622599
22316452
22316571
22316596
22425581
22623072
22316802
22623366
22316930
22317020
22317178
22317419
22427005
22317514
22317619
22317682
22427274
22317703
22317773
22317838
22317840
22317890
22624663
22318086
22624711
22318155
22428035
22625171
22428453
22428727
22625770
22318772
22318774
22626227
22626275
22429622
22319558
22430275
22319607
22626975
22627189
22430686
22627427
22431104
22320114
22431242
22627778
22431533
22628281
22320715
22320728
22320891
22432300
22628806
22628830
22629183
22321299
22321437
22629720
22321799
22321851
22434044
22321923
22322059
22434447
22630805
22322213
22630944
22322435
22322557
22322568
22322898
22632104
22323032
22323187
22436907
22437196
22323526
22323591
22437771
22323786
22437973
22437985
22323884
22323893
22438082
22323986
22324067
22800092
22324106
22324165
22800119
22324177
22324281
22324292
22438637
22324382
22324530
22633423
22439391
22800546
22800647
22800940
22801004
22324749
22801062
22634263
22801191
22439955
22325002
22325007
22801260
22325077
22325094
22325131
22325170
22801363
22634744
22325379
22801594
22325643
22635173
22801666
22801748
22801919
22801988
22802038
22802063
22802152
22802202
22442613
22326260
22802315
22802340
22802377
22443128
22443215
22802578
22802673
22802881
22802890
22444158
22802976
22803021
22803180
22637569
22637868
22327509
22803386
22444554
22803427
22444840
22444918
22327918
22445087
22328078
22803825
22803835
22638792
22804126
22328321
22804150
22328328
22804299
22804300
22804316
22328565
22804428
22804437
22804528
22329018
22329062
22804941
22640471
22640734
22805215
22447671
22329670
22329689
22805871
22448635
22448896
22641661
22330270
22330295
22641759
22330429
22806216
22330465
22641933
22806311
22806344
22806348
22806565
22806685
22642617
22806795
22806832
22807085
22330750
22807127
22451271
22331011
22331324
22452026
22452038
22452111
22452222
22644181
22808263
22452784
22808379
22453020
22644686
22453071
22808549
22332062
22332135
22645045
22645090
22332278
22808910
22645329
22454441
22332747
22809185
22645742
22645831
22809305
22809377
22333073
22454584
22454586
22454770
22454824
22333310
22810164
22810231
22455965
22810418
22810465
22810566
22334053
22810572
22334073
22810624
22810631
22334147
22456715
22334271
22334287
22334427
22334435
22811006
22811008
22457379
22811202
22648777
22458070
22811320
22811332
22458312
22649084
22811490
22811513
22811526
22458523
22811625
22458675
22458698
22458707
22335469
22649362
22649405
22811921
22812011
22812090
22335664
22649885
22649921
22812231
22812261
22812362
22812403
22650310
22812492
22336191
22812525
22812697
22813544
22813736
22813974
22814035
22652410
22462785
22337722
22337819
22337824
22337845
22337875
22337926
22653506
22338039
22338095
22464229
22653850
22464336
22464467
22815323
22464840
22815471
22815512
22815547
22815635
22654635
22815709
22815832
22815907
22815938
22655172
22816048
22465957
22816187
22816274
22816336
22655723
22816363
22816410
22816439
22339480
22466401
22816448
22340064
22340149
22817205
22467229
22657401
22817313
22817355
22817421
22817426
22340454
22817537
22817591
22817595
22817661
22817779
22658196
22340938
22817954
22340949
22817975
22817988
22340959
22658454
22658538
22468982
22818217
22818218
22818357
22341461
22818633
22818738
22341664
22818850
22341762
22818969
22818989
22819073
22341992
22819199
22342132
22342173
22342202
22819359
22819416
22819431
22342431
22660806
22819581
22819612
22819636
22819718
22661069
22661101
22342637
22661202
22342691
22342713
22342758
22342850
22342917
22342927
22661736
22342978
22342983
22343074
22343076
22343341
22343425
22343462
22820641
22820661
22662192
22343520
22343657
22820888
22662497
22820955
22820976
22821159
22821192
22821199
22344031
22821317
22344107
22821430
22344173
22344264
22344320
22344472
22475624
22821818
22344587
22475981
22476010
22663808
22344952
22476817
22822539
22822619
22822682
22822734
22822767
22822859
22664967
22345293
22477190
22665140
22822937
22345469
22823009
22345506
22345543
22345566
22345657
22665535
22823367
22823404
22345900
22346047
22823587
22823713
22823730
22666157
22823869
22823871
22666216
22823973
22824030
22824192
22666731
22346749
22480055
22666854
22824560
22666995
22480333
22667005
22667061
22667084
22347381
22347498
22347500
22825498
22347548
22347552
22825616
22825668
22825670
22347699
22667844
22667993
22825812
22668089
22347887
22481862
22825953
22826045
22826116
22348062
22348481
22826564
22669115
22348658
22826854
22826941
22483418
22827069
22348943
22827161
22349170
22349172
22827316
22349271
22670034
22349348
22349357
22827393
22827574
22827996
22349828
22671205
22486063
22486135
22350231
22828735
22486834
22828882
22828910
22828991
22350713
22487067
22829046
22829059
22829107
22672788
22351030
22829240
22829254
22829322
22487583
22829516
22829658
22673663
22673674
22351652
22829919
22673914
22488553
22830012
22830101
22830106
22830116
22674272
22352251
22830253
22830327
22489302
22830444
22674741
22352919
22830548
22352948
22830595
22830693
22489667
22489682
22830865
22675142
22830992
22831019
22490233
22490284
22831171
22675560
22490681
22490965
22675903
22675938
22676000
22676156
22676258
22676302
22491916
22676353
22832257
22676417
22355544
22492251
22832503
22492596
22676764
22492791
22493322
22833199
22833234
22833295
22833299
22833305
22833529
22677574
22833591
22833722
22677807
22677821
22357647
22678000
22678011
22494608
22678151
22834162
22358048
22834210
22834214
22834228
22834229
22678265
22358132
22834306
22358257
22834394
22834514
22678706
22678770
22678802
22679102
22834973
22834990
22835033
22496685
22835227
22359807
22835373
22679603
22835578
22835593
22835594
22835625
22835657
22835696
22835712
22497561
22360719
22361049
22680176
22836043
22361188
22680243
22680252
22680409
22836277
22680575
22362120
22680841
22680853
22836694
22362189
22680892
22362253
22362265
22681012
22499434
22362755
22837054
22681267
22837134
22499672
22837151
22837192
22363311
22837336
22681542
22837360
22837451
22837463
22363525
22837494
22837544
22681759
22363934
22363996
22837942
22682022
22364378
22364386
22838335
22365025
22365335
22682745
22365611
22682813
22839168
22839196
22683110
22839234
22839269
22683255
22683333
22683379
22683427
22683462
22683536
22502987
22503089
22683693
22503374
22840188
22840212
22684353
22684430
22684457
22840696
22840736
22504772
22684781
22841027
22841065
22841089
22505020
22841205
22841271
22841342
22841456
22685244
22685270
22841489
22506177
22841899
22841996
22842064
22370113
22685882
22370274
22370313
22370334
22506871
22686097
22842599
22842675
22686381
22842686
22507424
22686472
22842804
22842809
22842869
22371427
22842890
22842892
22686552
22842934
22507975
22507992
22508011
22843082
22371673
22843200
22686913
22686956
22372040
22843272
22372093
22687149
22843524
22687476
22843997
22373365
22844082
22373507
22373602
22844206
22844237
22844374
22844397
22688245
22688308
22844720
22688523
22510877
22844803
22688626
22844845
22688674
22511103
22688760
22511324
22688837
22688887
22511446
22688936
22845514
22375910
22375963
22689499
22689570
22689599
22845881
22689709
22689718
22846040
22512859
22846408
22846494
22690163
22690164
22690223
22846644
22846703
22846745
22690438
22690603
22690661
22847058
22847074
22690737
22847110
22690833
22847176
22690920
22690942
22514696
22691148
22847539
22691194
22691198
22379255
22691237
22691282
22691304
22691465
22379635
22847962
22379739
22847966
22691613
22848046
22515910
22848148
22380146
22516025
22691949
22691973
22848441
22516539
22380712
22516555
22692233
22380892
22380983
22848818
22848879
22381339
22381343
22848929
22692540
22849232
22849250
22849419
22849447
22382222
22382385
22849574
22849660
22849665
22382634
22382654
22849873
22693709
22519302
22694105
22694216
22519711
22519719
22694281
22694285
22384141
22850686
22850695
22694486
22520151
22694531
22850884
22694621
22694654
22850973
22520457
22520638
22851259
22694923
22851347
22695105
22521296
22521483
22386018
22521635
22695619
22695636
22851869
22851956
22386493
22852022
22852039
22696091
22852135
22852138
22852173
22852203
22696202
22852258
22852285
22852368
22696405
22696586
22852598
22696605
22696702
22852811
22852847
22696928
22852868
22696995
22852954
22852958
22697073
22853028
22853063
22853074
22697172
22697202
22853137
22853370
22697411
22697899
22853591
22853638
22853643
22853700
22698263
22853819
22853913
22853920
22698472
22854107
22390382
22390711
22854347
22854360
22698962
22854614
22699137
22854696
22699192
22699231
22525856
22391410
22699367
22699419
22855021
22699545
22855205
22855332
22855444
22855469
22526812
22699959
22855602
22527097
22700119
22700121
22527115
22700188
22855817
22700304
22855924
22700390
22856003
22856007
22856041
22393535
22856179
22528679
22528819
22856599
22856608
22856639
22856647
22394627
22529056
22529072
22856724
22395109
22395338
22857245
22701749
22857475
22701970
22857494
22530248
22396213
22530494
22530503
22702282
22857786
22857918
22857986
22702539
22858169
22858496
22397767
22397977
22398007
22398035
22858709
22398096
22858712
22858717
22398161
22858753
22398338
22703583
22703589
22859133
22703908
22703967
22859384
22704013
22859415
22859447
22859767
22534861
22534903
22860056
22860555
22860620
22536460
22860714
22536592
22705688
22705697
22705744
22861141
22536947
22861217
22537153
22705891
22861286
22861293
22705939
22861370
22706008
22861483
22706114
22537535
22706231
22706568
22538559
22862350
22539048
22539232
22539250
22707153
22707204
22539487
22539707
22707600
22863051
22707622
22707688
22707803
22707861
22707888
22707890
22707968
22708014
22863541
22708145
22708153
22541945
22864148
22864224
22864235
22864278
22708935
22864304
22864407
22709059
22864455
22864463
22864481
22709165
22542805
22709296
22864698
22864702
22709302
22709400
22864849
22864914
22864977
22709571
22865036
22709684
22865172
22709805
22865253
22865293
22709928
22544068
22865376
22544133
22710042
22865452
22710222
22544478
22865609
22710255
22865619
22544516
22865634
22710324
22710330
22710357
22710404
22865771
22544687
22865827
22710549
22710712
22866074
22710766
22710832
22710855
22710871
22545554
22711049
22866425
22545843
22711164
22546006
22711229
22866645
22711336
22866677
22711396
22546360
22866826
22711533
22866869
22711544
22866902
22711621
22866983
22711650
22867038
22711771
22711830
22711866
22867202
22867287
22711912
22867311
22547489
22712072
22712262
22712357
22712380
22867785
22712390
22712397
22867960
22868010
22868064
22549408
22868687
22868815
22713441
22713459
22868895
22869256
22869267
22550640
22869403
22869564
22869591
22714469
22714540
22869804
22869904
22714651
22869910
22714672
22870000
22870004
22870106
22870233
22714997
22715018
22715048
22870328
22715178
22552673
22871046
22554361
22554434
22716321
22716374
22871642
22716501
22716596
22716642
22716695
22716862
22555294
22716925
22872238
22717071
22872367
22872370
22555934
22872683
22717571
22717827
22718031
22873273
22873278
22718237
22718362
22873559
22718556
22873793
22718629
22873819
22873825
22718704
22718721
22873908
22873923
22873984
22718936
22874169
22874270
22558976
22874522
22874599
22874620
22874732
22874797
22719669
22719672
22874851
22874991
22719963
22719977
22720049
22875194
22560271
22875329
22560508
22560536
22720326
22720429
22720540
22720580
22720602
22720650
22720654
22720731
22875925
22876012
22876102
22876117
22561957
22876205
22721092
22562356
22721281
22876706
22562742
22721699
22721788
22877113
22563324
22721971
22563509
22563673
22563789
22563794
22877463
22877624
22722503
22877782
22722633
22564592
22877914
22722712
22722713
22722751
22722812
22878011
22878025
22878075
22722937
22723112
22565497
22878480
22723541
22878882
22878997
22879010
22723956
22879296
22724078
22724149
22879408
22724349
22724404
22879663
22879666
22724494
22879776
22724676
22567598
22724782
22725105
22725211
22880366
22880460
22880560
22569059
22880733
22725542
22880878
22569363
22725698
22881138
22881157
22569854
22881201
22726021
22881229
22881356
22570255
22726440
22726677
22726859
22882056
22882079
22727060
22882289
22882569
22727467
22882725
22882900
22882936
22883149
22572811
22883174
22727912
22727926
22573018
22728001
22728039
22573302
22883501
22573477
22728238
22573501
22728328
22728359
22883680
22883784
22728802
22884109
22884136
22574551
22884190
22884207
22884327
22574906
22729113
22884548
22575033
22729277
22884632
22729335
22729431
22729438
22729464
22729539
22729543
22884944
22575695
22575752
22575827
22729721
22885133
22885135
22729863
22885210
22885212
22729926
22576257
22885362
22885397
22885472
22576601
22885561
22885567
22730301
22577051
22730500
22885917
22730713
22731031
22731079
22886404
22731345
22731403
22578305
22578402
22731541
22886860
22886990
22887269
22579098
22887352
22887360
22732052
22887454
22887465
22887471
22732306
22732371
22887734
22887746
22887748
22887752
22732609
22732648
22888069
22888073
22888077
22888144
22732805
22888257
22580539
22888310
22888314
22732949
22888387
22732981
22888409
22888506
22888584
22888592
22733242
22581378
22888808
22888853
22888909
22889172
22733799
22889246
22889284
22889378
22889449
22889464
22889467
22889745
22734382
22734473
22890037
22734685
22735191
22584361
22584443
22735486
22890989
22891060
22891199
22735980
22585103
22891478
22736050
22891545
22585401
22736213
22736249
22585549
22891883
22892095
22586265
22586298
22892224
22892225
22892228
22736752
22892289
22892336
22736900
22586627
22892436
22586930
22892673
22892718
22892814
22892929
22893115
22587808
22737775
22738050
22738146
22738385
22588934
22893906
22588986
22893971
22894029
22589248
22589268
22738646
22894183
22738700
22738805
22894419
22589632
22738985
22739166
22739168
22739204
22739276
22894883
22894908
22739368
22739396
22739433
22895080
22739554
22895195
22895259
22739619
22895292
22739669
22895341
22739846
22895715
22740153
22896001
22740867
22741224
22896898
22741277
22741317
22741393
22741560
22741840
22897559
22897646
22742042
22897738
22742203
22897947
22897993
22742528
22898117
22742840
22898981
22743637
22743643
22743766
22899472
22743984
22597292
22597362
22744244
22744301
22744416
22899955
22899975
22899979
22597792
22900036
22900043
22597852
22744467
22900080
22744555
22744558
22744570
22744595
22598210
22744749
22900361
22900553
22900960
22599089
22901458
22901556
22599300
22901635
22599448
22901789
22901850
22901878
22901903
22901973
22902039
22902042
22902127
22746694
22746724
22902344
22902476
22902513
22747291
22747320
22747323
22902712
22747380
22747485
22747620
22903078
22747692
22903130
22747792
22747796
22747873
22903257
22903435
22903517
22903835
22903919
22748676
22904038
22904042
22904056
22748710
22904135
22904242
22748925
22748945
22749044
22749092
22749111
22749141
22749181
22749463
22905110
22749932
22750070
22751115
22751271
22751364
22751368
22751510
22751553
22751558
22751586
22906930
22906949
22751706
22907143
22907473
22907480
22907487
22907525
22907646
22752486
22907912
22907934
22752634
22907986
22908062
22752853
22752970
22753087
22753142
22753426
22753528
22754298
22754321
22909916
22909970
22755019
22755060
22755284
22910625
22755294
22910690
22755416
22910846
22755516
22910935
22911047
22911087
22911090
22911144
22911178
22755912
22755981
22755994
22756033
22756058
22756066
22756079
22911477
22756113
22911559
22756229
22756437
22756440
22756457
22756557
22911989
22756725
22756871
22912300
22912461
22912475
22912533
22757567
22913017
22757624
22913054
22913097
22757816
22757821
22757967
22758013
22758291
22913786
22913805
22758407
22758431
22914116
22914136
22914202
22914610
22914840
22914865
22915285
22759771
22759812
22760020
22915694
22915749
22915920
22915958
22916058
22916065
22916238
22916261
22760723
22916616
22761093
22761113
22761114
22917095
22761721
22917385
22917427
22761984
22917773
22762172
22762316
22762317
22762322
22762374
22762381
22918106
22762524
22762804
22763394
22763483
22763573
22763689
22763698
22763729
22763750
22763860
22764068
22764815
22764895
22764974
22765078
22765237
22765351
22765621
22766859
22767323
22767885
22768422
22768952
22768983
22769260
22769333
22769340
22769370
22769441
22769973
22770015
22770146
22770198
22770536
22770844
22770890
22771263
22771266
22771307
22771434
22772153
22772221
22772238
22772374
22772501
22772522
22773032
22773388
22773650
22773664
22773741
22773750
22773762
22774408
22774421
22774785
22774890
22775082
22775563
22775924
22776183
22776458
22776889
22778516
22778527
22778606
22778618
22778671
22778721
22778765
22778800
22778993
22779579
22779887
22780143
22780465
22780538
22780580
22780605
22780728
22780752
22780897
22781359
22781422
22781689
22782073
22782101
22782298
22782574
22782657
22783249
22783410
22783591
22783618
22783625
22783636
22783766
22783931
22783956
22783994
22784004
22784322
22784375
22784820
22785013
22785071
22785160
22785213
22785349
22785477
22785662
22785688
22785753
22785914
22785921
22785966
22787254
22787269
22787345
22787940
22787955
22787983
22788121
22788182
22788183
22788236
22788242
22788606
22789223
22789295
22789505
22789571
22789573
22789648
22789665
22789813
22790157
22790264
22790436
22790461
22790547
22790631
22790667
22790835
22790880
22790964
22791021
22791166
22791416
22791530
22791910
22792597
22792834
22792864
22793040
22793259
22793341
22793355
22793358
22793436
22793637
22794199
22794382
22794430
22794446
22794491
22794500
22794527
22794544
22794581
22794654
22794663
22794803
22795056
22795147
22795438
22795485
22795520
22795620
22795624
22795738
22795823
22796345
22796413
22796426
22796609
22796906
22796913
22796948
22796953
22797142
22797167
22797206
22797320
22797396
22797492
22797544
22797558
22797731
22797738
22797830
22798035
22798711
22798900
22799330
22799953
22713895
22699805
22520094
22682583
22729290