270317
455344
246476
348092
454779
455733
357274
279541
251858
2323594
451656
506805
280911
272250
320073
274568
306614
356342
289639
347871
457050
283844
293113
287864
213470
276156
323115
277763
351314
354518
472901
1584525
311451
20005096
280265
299408
12321
441857
292132
107750
504672
451707
422200
302776
475520
350560
278985
344772
475858
54556
11195
500155
49047
280869
310438
304293
343461
357422
349916
270662
296919
27740
58795
125018
110024
159837
356460
355863
349514
58277
354033
19690
354855
292863
297744
351149
451305
56703
270635
276112
280375
487696
297957
314889
464952
21992
281236
279244
318402
344382
52480
470489
469847
308793
312892
470843
279965
292234
303785
469384
3899
294143
275404
106508
350679
480111
47471
300917
245699
19859
312964
298440
94097
450908
20005091
24264
473126
280782
272543
20165397
355097
294624
308126
273203
85963
61273
275535
476174
548626
450323
24355
89943
472019
293263
195724
20005164
271384
616895
507441
166929
276578
350867
475360
251775
283872
25511
348038
25129
465039
471078
297346
309566
314583
248323
8127
270568
352599
283311
20165367
85593
531191
1154973
579320
115082
33094
623424
1437860
282584
240100
244526
472720
453990
111735
476993
463186
208534
20005171
475653
559515
278539
56755
359420
152609
298640
277427
448750
313077
479884
475381
276461
280715
318692
485238
461671
45297
298381
473140
275825
342574
277224
199724
479535
468687
355001
475447
353102
41538
290397
341697
290588
29659
32217
349258
455107
57398
1542824
444610
348422
274753
10241
126486
496116
350782
458216
469420
458151
287031
97309
90236
450710
325708
561216
294002
280388
485159
312836
318556
468751
297896
455364
453039
86497
471249
283562
306241
319313
244215
453725
270008
32395
143354
278370
319363
352893
46108
243499
339478
189756
271104
37842
295825
481576
1657
483729
358083
102585
450796
320673
469231
87672
270518
20005183
319895
351854
146821
356939
480068
280262
466929
475790
344898
472740
36909
311729
276875
355833
173134
88516
4452
481173
281242
281526
341902
319989
475930
444102
229244
466947
1585650
30507
85203
314205
279002
283645
251119
511466
452595
472055
287651
273523
243342
1495
506345
480188
278734
475322
312947
298559
313179
355944
356415
96733
62989
304693
3521447
307279
284853
455455
251475
473171
75305
158718
481646
298306
274507
197751
348150
107354
469107
276830
290495
251666
507533
92126
292630
459870
20005125
108695
481524
478065
1163682
941298
252065
27953
3890
30945
302300
474565
275781
479279
275082
474279
476966
300367
357008
356979
129284
27456
1936962
271302
85067
511293
1936984
464969
217219
486689
289994
6032
451858
486457
9438907
281917
53063
481708
282984
101718
251305
302983
472701
349628
1601311
480798
54826
295620
315318
454480
282297
344620
277922
305549
9737
506438
28192
277812
457265
390488
455234
296633
467540
277192
481494
531665
305790
16348
20005046
231901
21447
451237
275740
271355
274379
5472
64840
279290
280541
289572
385748
461180
273451
294529
147766
356582
350215
459652
105632
477140
251559
230449
453897
244759
325333
234958
61615
276071
257967
340983
89289
417516
482229
283737
272089
274650
20803129
288414
461569
313858
105530
18231073
450203
328461
1265900
348389
350917
271024
450636
45840
308390
146234
536609
191938
300461
455258
456411
4741
347464
111364
351334
507587
277176
14965
450194
548747
382904
346235
300364
417079
297905
276918
451692
215639
347522
292567
292756
347876
319144
307115
275814
280531
22997
455293
468044
480988
337916
564638
348298
453078
315698
281976
472886
548885
551745
63022
281934
464857
288063
450814
47340
483770
320706
274746
479673
273353
280236
482546
52338
280902
298477
279312
328225
278887
467395
473158
312866
484603
478484
293720
97591
273636
281894
464942
313480
106007
276351
474273
356123
20005081
479004
234672
60157
357220
340185
279892
305472
454377
152584
275287
320769
273571
270738
296223
276146
63909
18061
274293
320931
457649
453557
499498
469461
384888
134079
281324
270908
132111
299312
474459
492106
349688
354202
350171
548523
450280
343062
476157
51774
164083
450513
281040
91447
281779
469802
309810
480291
187624
20005
251342
248522
476142
9162
348446
294392
1263137
252013
122769
349819
349595
353397
1692140
6799
83590
271630
803397
14293
452471
320723
485421
83604
106369
351223
299220
453009
511246
276636
453755
26378
349456
288049
508511
1586632
10130
505177
507824
1265555
474882
318427
202665
344911
275099
483315
270809
64277
1544121
290405
51918
351536
351516
351206
297970
309475
351967
354287
278653
450167
127710
475068
342781
275766
348583
493183
357797
20165357
272597
173934
321287
163992
474104
365507
310222
225972
195497
352257
3762
507575
485766
309904
31730
275966
310313
104132
561328
467433
275427
35918
467822
1545156
48417
271879
473936
100673
310045
461126
47223
20567
348321
479356
276470
472249
487402
340373
273769
121687
249372
96458
309668
41829
307208
479704
474291
480932
480969
274643
280043
469075
272661
285232
353795
439855
478190
478928
271840
272083
478960
286709
150538
320314
252116
241451
1542841
279263
481565
353474
45604
478470
477229
487074
43750
162176
235104
42681
301135
476190
480244
484395
279217
480687
276992
358925
336598
275472
457292
450542
286027
279991
275695
274063
348503
289451
275937
88115
357252
299186
42965
320615
511519
275022
311870
474709
486919
278494
276203
484533
951674
270083
344319
1259022
296831
319907
478427
250073
277360
474784
69928
357476
344864
483092
330102
292792
20005142
271808
7667
450991
193717
450291
351463
70669
274556
446986
472241
1581421
2915
308886
35968
470023
275002
472768
473493
273468
20433
353458
481989
291459
447323
274794
309284
62515
280067
300532
479049
473074
298499
309013
481487
281033
464499
450226
25506
300910
138193
228138
54743
19317
331849
507915
276201
295630
274031
325124
9190
331491
456768
273966
297287
279152
352994
554073
493823
347574
486930
12375
331801
249667
18192
306063
20005246
294509
465021
276090
283208
348004
381089
408005
349752
310515
277115
1584593
251840
279684
485363
62689
452333
332466
294588
419483
1268
355291
350580
340587
249438
483168
283390
475883
307857
484583
295086
273114
288930
463395
495610
277261
246426
482639
478762
358802
476595
328224
275370
481754
45390
112040
270306
252162
452903
342552
176907
344763
319448
469678
309428
292610
471869
275959
282366
307459
316597
304466
457695
315541
467430
350008
100740
1881742
509399
29093
459432
271316
277061
280084
320789
279883
475295
496755
20005195
553081
480459
455663
353983
295222
479364
467983
315598
3813
282335
319280
469104
125080
49898
458925
2748
1587
279392
336293
286228
344479
474173
9725
480364
353621
474359
311736
275169
357131
482834
483398
136750
474501
349873
455039
496858
1937020
288600
146415
357301
23850
299238
315014
90152
452530
20005086
282763
485722
126926
24626
803267
390332
349167
508363
2250910
4211
243174
384159
119976
473463
235858
451738
324794
261796
304365
241316
357413
291953
1154956
468278
353132
459708
301304
234823
483574
274022
370272
277424
498594
288927
352273
354579
272203
311946
25421
473768
272859
39461
277520
1936967
209001
17041
101300
460936
20005036
132437
242136
270289
351911
317257
174662
296921
274561
292940
484856
481257
277005
151700
77358
470109
450372
209864
548966
38301
454372
270255
322556
467993
941517
1265313
250673
20165387
271742
109652
357348
803413
281820
484260
452093
485368
553772
484431
108238
298167
150331
477186
388685
495679
278248
272878
44381
279895
465032
150409
359027
60341
62543
298682
150485
484534
458311
238130
114704
273182
275863
355220
276749
271959
476026
482918
355428
239808
474526
494592
61926
533345
276796
88905
65741
544317
263378
477144
75294
477644
482754
64284
369553
350077
12226
318817
271936
136757
478749
280881
276282
475083
357051
469947
455411
56164
507959
123947
460894
350398
320213
470825
278631
501900
6506
98307
554999
20005051
507211
354320
277509
342580
344754
249269
431276
68175
468668
132302
20005159
511613
291144
36345
479274
271765
279550
348836
358205
270280
450031
548704
9470
80048
495364
59223
3521430
347426
55214
291632
442140
290084
315505
270090
487547
103773
460135
452389
248664
293180
127000
1543274
353250
286362
274722
293439
458544
276780
105281
352112
469820
477387
458641
11239
548995
301648
277087
118718
321612
294792
244153
320692
483329
216456
447188
476089
167914
468484
19919
459743
297668
347473
60738
273421
458266
274932
283421
450334
291470
142058
350862
15972
470998
458433
505283
458716
217704
276801
272314
3333561
278705
283140
478892
302559
340703
93036
455748
390744
296562
348977
504219
280480
453590
274587
275773
562591
356320
446447
82922
1551336
272152
482282
340366
470039
2810
297599
301455
21654
472273
1332238
356727
55549
351009
478563
284049
310802
481417
291174
278925
20005207
348336
455682
452831
274169
278227
270241
466996
289173
358874
320092
56123
498586
949977
468250
522461
132957
300995
339278
479590
274613
548491
38499
554774
307627
450176
461502
277056
321498
474189
458103
297526
20005251
347950
247446
245883
1542848
337852
41640
274312
434163
306256
803342
281424
482097
47101
38464
318585
288281
1082267
57558
44281
307925
84768
474558
274326
315159
282991
270874
46602
349293
352099
468994
286464
279527
619624
243715
273494
548538
563993
276643
313781
480648
307497
273007
469009
293559
154126
274693
273246
507460
485104
320009
144552
344596
240444
85415
284614
506143
310635
18454
12896
492205
469906
483662
336003
306955
280403
43488
289721
274727
156100
65744
11309
320830
277771
359526
479976
481623
418269
507379
50450
241890
280776
18703
335701
465943
350593
174498
297373
365356
33161
89911
20005066
326623
336425
459085
293073
275113
351490
251549
295110
803326
270036
141899
341603
1584769
246167
320734
87349
281070
1581450
89908
309225
18996
68298
123117
348241
356894
270940
482493
248038
278583
481155
34757
424288
301431
450674
1265299
278433
8954
349346
803283
26617
477340
66861
1319255
305799
349290
121674
56813
273537
487223
452072
464547
282649
272388
174755
294233
1936886
249588
248099
505206
476131
548695
188249
347024
1552804
477085
479359
356100
548946
311994
274210
1017950
470436
941324
478787
274900
42307
492122
354652
181265
484085
273996
476547
165072
317973
466897
344438
16767
281644
295552
250225
949737
478218
275528
270915
141743
480336
330258
294464
247907
51275
353851
325802
138141
275995
284892
50796
51490
317444
354760
473168
313286
387267
503179
299153
270583
277379
278365
484264
187832
287194
344781
350406
219522
272111
484724
352812
274575
479249
475414
484879
273396
46309
111593
17847
278156
479583
278578
481048
279726
312520
290834
469844
280326
275845
481808
283830
478750
285942
471140
87648
284747
280024
251206
91022
452742
469310
348066
307730
456795
293492
276982
486441
274442
199009
40063
282716
321557
347509
298738
289254
276566
349155
297220
20005236
492388
279918
20005190
272616
325612
121469
292260
355404
356392
319647
271405
293012
452767
197957
347827
461616
456700
476977
354002
482109
473556
296261
283502
236838
303655
474255
132906
317819
297792
22028
101781
347741
471733
344940
519394
479242
102728
1133194
506644
356110
335985
270145
251747
460243
481318
212467
473097
352318
183658
480440
475601
307608
118865
133203
98116
483698
157908
283607
295984
477919
340521
57584
309634
476828
279066
304786
47264
472316
270628
491236
20005076
473561
1530
311791
350251
453587
193115
304590
277657
179713
52947
250592
304125
505235
100101
289577
19860
456451
296125
365351
1265625
477902
304490
344247
348182
347762
483324
270690
100984
481515
483896
95956
475738
64068
465909
306156
349131
148834
276417
332197
105951
278059
484776
294827
352425
469200
330216
281679
330191
474128
358223
16015
125063
951252
85523
319124
327111
148026
11521
386313
311069
336837
67245
370669
349913
352159
508041
941520
243848
452169
278722
270770
25941
305211
310478
247338
145995
292860
250024
55925
30001
10513
99710
244000
55264
322892
478868
318167
247940
467928
304206
483072
170798
481744
273103
480528
458376
353213
479581
347388
280496
468653
34518
280223
472747
320055
240672
324634
291223
484051
457504
352916
273918
2235026
60287
356510
246740
511274
350751
8510
37701
453301
298926
130933
479977
473310
292191
284860
163994
250957
309431
101580
450996
302062
487631
282656
803388
10841
292954
157971
486212
483854
481244
271027
248937
467961
214537
201693
315889
468777
283551
107378
302292
451761
454852
316473
352700
246084
501174
498531
1936895
294908
46268
15739
278283
290291
349180
106233
10372
484926
356897
481677
483433
277323
20165352
319292
479341
281495
348467
348757
284520
469158
478351
42597
108530
91929
37801
250942
480449
244358
273830
318975
292056
293260
476733
125394
10027
273458
480952
278467
348204
349172
298205
525211
472123
283583
46509
104853
498412
1542769
1100
110378
478733
350023
998884
494148
479294
281187
119594
505777
273148
104984
278357
357073
481478
307007
290600
97858
278950
20005152
20005130
476086
247176
290459
282028
457999
7425
67591
128471
468417
270294
83449
276553
345010
479052
349650
273168
300730
344524
484760
480411
270232
150999
1551248
100114
481220
361925
293146
282906
456719
464932
951453
52750
951444
270983
951785
199195
39347
251078
532337
338362
273334
20005176
290375
290149
476843
319427
466963
64466
450305
318367
278019
280437
308580
278919
352388
7508
470909
468386
470883
339430
1881761
475973
35770
346930
319532
533770
355613
278541
301196
314828
349709
128865
339585
277787
18453202
274578
123950
477406
271350
297484
450771
295690
48975
465979
350409
468724
346659
274940
283530
270966
1552844
20005135
306552
7887
278418
22545
511929
512982
357336
311351
483530
480615
450580
280111
348279
344490
37041
289997
482787
461981
294430
21619
460480
548769
280011
344745
480938
482762
434259
422188
358970
152713
456598
274738
50497
472280
347155
455606
233989
205541
320964
22197
20165402
154093
475330
452946
2295
348887
282594
469936
210945
8868
450455
319207
309993
270213
38608
1154982
1098649
62458
346373
347247
467128
272552
121164
314755
457539
33127
289847
244989
300862
549464
452639
40125
460256
270022
283016
338085
472166
479179
524936
445452
274097
277048
20165377
320819
303960
278510
281276
460408
347941
271756
468997
356800
803292
508682
321039
283304
84862
333600
468455
321003
273437
8747
1584647
475435
37738
504271
471669
76872
279203
343171
320658
283914
532629
467188
356002
1265294
270248
482193
493744
90570
20165342
292912
281138
342723
276509
469606
300977
302261
497205
357449
136557
313297
455161
323396
482418
189713
473703
272243
280440
480341
278393
296982
327895
342022
37810
293176
280963
339928
348652
482697
307411
481719
44828
283682
295262
1019985
146131
320720
941163
277530
298311
304313
320039
501847
281688
250506
85900
24604
472786
66175
303007
9037
473056
335548
467017
548644
45018
200933
9337
235339
276235
291807
50676
464987
477041
151302
277647
275205
450137
117546
1077345
295205
425728
276765
470696
451992
314017
350013
244634
468505
410461
342908
270667
481271
294929
479254
38691
175186
278273
481690
1936949
358328
164420
471155
65486
320902
1262067
5382
3425
328561
355683
548583
344303
329703
270462
451880
148255
506452
272054
140721
450266
306328
322405
286925
288417
108985
331631
273117
3422
467418
309611
950403
281722
277055
349552
283257
315769
459277
274823
481192
181875
78714
201849
245949
487687
271458
86078
133216
135606
283764
455195
500852
17871
3333569
950596
292508
314001
230672
320748
345897
453968
19936
37480
276973
292586
203816
240859
17134
284943
353295
479077
347977
478279
20165382
354548
272956
303076
291345
63196
35444
1488853
277002
477014
20005147
100590
55833
272353
1584575
283586
464847
297114
495442
294312
559417
353825
1154916
1437782
225688
474330
310548
1261948
481116
490838
143139
351659
270956
292570
466805
127520
450414
271417
506702
274160
295201
950583
245767
313425
440299
457414
355076
484475
313263
275057
803249
475025
68361
72747
246365
294339
319324
222688
276283
328132
477912
565283
497970
113483
159012
312963
281291
486426
348516
473905
297445
173400
321543
319302
310624
14001
1542819
280008
14038
20005031
450747
89462
305898
351607
450589
77480
1019783
243655
556903
281339
483784
300627
469627
83327
479911
940797
280274
151938
475866
562446
272495
482849
44400
348829
382774
480005
300715
63109
472817
277828
41246
251401
125697
274487
477813
358133
67125
102236
21301
314874
92602
16571
205894
137888
47260
242544
21211
481822
280848
347482
501793
483561
114539
469187
436655
311626
54214
416658
45220
82130
316770
280613
297216
453983
270693
250399
287235
83619
280951
471208
220032
479945
473799
3095
508437
499370
190110
76666
225684
352621
291182
31898
451743
270594
452235
33278
10999
2235046
273389
280624
352145
562071
314625
289784
305708
140445
446259
450356
29087
199117
272588
133463
142147
348961
473841
303874
347415
487249
309147
1479503
271691
453350
11073
119533
43526
278430
286823
504402
80891
324797
273075
457236
209625
329554
478187
505329
297406
88806
320581
274108
468191
366604
2840
482309
67384
310127
482337
16892
479370
280940
347974
513097
481784
454524
204678
275489
453892
485079
281943
274716
320279
295865
475897
153970
1020019
271624
3215
351993
1133185
311918
111950
205826
20165372
354911
336681
277623
327744
308172
480382
460906
496052
350924
310739
482397
291624
153561
478340
489711
53306
43820
442224
367408
277869
468240
278425
485403
309191
320661
516812
235982
452990
344538
297716
467278
171769
277293
20020630
476018
477133
283236
351628
500562
303738
548552
275235
341986
122179
359544
440574
292477
62178
483880
231081
451831
297141
97730
277815
346422
457482
505960
349055
19868
324260
475353
53147
80809
451853
471707
482114
481766
233696
477957
112584
348230
320916
271579
2235078
451360
297839
1581471
197144
280358
456108
294860
233641
289723
309255
471618
474057
313061
279817
35808
471730
307726
54108
344294
272443
509898
803358
336559
405473
355032
357404
346264
270580
274503
478113
470036
320451
950253
548836
296288
211726
20165412
504919
287300
232142
1014545
486221
270204
280936
465117
344578
559859
457352
480260
453535
289293
275689
270444
456197
940870
464294
305229
486648
349064
288266
291580
126165
448563
349693
480577
110984
245181
282076
10810
285326
506173
22478
329246
287371
480428
274961
380570
351114
250867
357661
60000
440431
83417
444734
502022
501946
473645
480858
486478
344902
270476
291701
274182
273625
318481
357467
15809
949862
446571
56219
455518
294230
320185
472289
473751
469666
451787
433826
270860
508946
225272
356568
320086
48710
484663
347345
276048
246871
301524
318248
191942
307939
487047
280162
279578
149968
324077
479877
161639
278762
354211
315418
28257
471636
299392
251265
355440
347728
951435
492562
803237
109105
84836
321232
452797
90325
320957
456908
270681
249151
470674
241482
354437
130273
407734
469671
280089
283723
274858
486910
313259
301872
320635
277169
486873
446789
47850
481659
106782
137192
487095
306008
476193
482643
559691
480731
48929
123926
170188
485419
344212
468829
480396
468690
300623
476794
483471
494231
562357
474979
3335
296228
320837
337737
803258
951362
251029
320499
476468
453061
277330
484239
338826
276707
461017
2878906
317541
65060
356359
469225
497791
313115
156291
53353
276212
298691
118989
440697
48239
136144
355147
482556
480561
275512
230768
357309
475099
468602
222042
321546
344360
359561
272008
292708
351139
205584
275921
295525
278841
328600
476893
471528
501747
483701
280679
66120
120679
307490
246245
283631
86672
453174
216001
468763
464344
146156
58659
497299
298756
278934
63139
1548610
347891
340580
451682
320167
248425
472403
314155
950564
467388
472439
281417
240290
1260710
304946
285781
342757
55305
306257
473746
52455
211155
89828
473302
506839
15775
344675
507758
330460
310966
492137
475848
1692059
486861
148288
548986
289688
336164
351931
2412
484494
246594
155835
485445
297726
359483
339748
72447
275432
482061
354309
275852
286600
278621
469884
282065
312917
941437
2890825
467471
271714
459755
275943
312225
246597
346166
292522
471521
304918
347565
298494
354076
29071
461593
236328
478378
354440
415533
273961
273606
36105
351063
348484
460625
51032
356676
326432
290989
6681
484465
476117
168941
469251
275952
310061
345952
113367
72721
342106
146939
320843
470789
49448
17016911
312164
289204
245504
21478
151357
481343
277506
286782
270157
355557
277931
454845
50441
950520
250354
35407
478036
1937017
51100
70343
221695
20165392
322238
328040
278835
247085
271675
296802
354538
14484
90485
246086
244202
479128
304386
112638
147220
351644
58237
476655
477805
5831
454936
251709
352964
348932
482561
356070
6671
197129
483705
61172
355655
507806
247533
507288
149144
352596
88599
450215
49095
476324
508100
294402
532768
312463
457552
351446
471685
343039
484866
20430
507744
297035
187671
208357
280759
277129
426431
317936
245662
178543
357357
127039
282932
482310
296737
290969
417818
276039
237076
42329
480669
486692
482445
303744
479157
344790
474741
278742
271075
218481
295297
273155
352573
347802
455214
556594
3521379
20005041
289976
89938
273519
274044
320485
1088545
356802
506358
466981
279623
481630
301982
351248
483480
282090
63621
270364
454889
471940
347379
457038
167855
508910
13935
296149
295746
27137
452676
560957
509182
276964
349645
271947
357431
1581563
17915
343940
484641
346860
480762
359063
298147
275162
236349
137134
281103
118461
20005026
1332145
108379
271269
89409
477312
1019790
294407
274979
83389
247590
351097
273320
482435
43340
190032
328189
950961
336746
247863
270877
189931
19641
508260
243069
548977
13262
52069
326533
335553
25734
54728
272822
470920
352851
203891
471963
444340
352220
468733
281041
297735
334103
507694
354936
280574
320232
272011
493138
296462
82744
46076
474748
460797
277805
277342
245360
351906
348664
306005
354931
358146
283383
2890846
1543558
548778
450429
67377
303945
313727
14583
278663
2890860
248856
308081
270555
280205
115244
20005202
234450
519057
280925
347929
279112
42921
20005056
492551
120586
458053
20005241
457057
1478
152344
291440
557829
142525
292112
349109
349359
84753
803240
249767
118413
468558
315498
320146
452792
276014
460068
1082310
289401
349243
432120
484786
243557
322114
244835
245272
448502
39864
310818
348301
1543269
548684
32532
450393
317518
274686
527473
454635
467378
473401
352732
277312
153643
129699
450185
304005
460117
297055
337937
468865
290261
280140
7342
532856
491168
346355
124048
355844
1265276
348069
305421
289456
274703
435875
469569
276594
479791
277567
475758
437902
300544
564665
55147
344873
278678
314457
279716
450253
274848
302219
493808
299245
1581460
187550
479845
308152
464514
351821
343873
482664
310872
280329
452315
331321
450140
270552
316709
486241
298978
143426
50195
492465
349285
476601
278438
301812
272540
506244
39889
1936976
205422
249007
280640
281857
20005061
803429
105653
477317
484343
8816
277229
356852
468638
560109
506637
272049
487059
152246
216342
249898
306672
94871
950917
347844
62553
319099
272600
20165347
22266
357327
6481
316357
558814
173279
500491
452299
487267
461727
310393
283696
475594
320879
279352
298322
350306
278214
293863
349757
271524
495974
342710
476743
470317
298264
274267
320909
458173
251535
313776
506614
105782
275354
476628
339245
88426
453129
362143
318049
509882
340798
20873
145004
278697
477234
276036
249105
1077330
312319
469145
472169
478436
348738
463032
14842
20165362
141313
250803
337479
328614
81817
293001
460028
107436
243413
275419
33255
85075
313136
320395
309071
294963
471824
478441
136282
55315
354262
270483
252151
940994
308320
496765
483498
54542
85294
227597
274351
472533
350107
479388
305299
106845
248216
344567
36187
134155
334617
347914
295431
354182
454240
281165
290485
322910
210856
322887
280182
314068
311816
284106
518215
478951
23952
124205
1881773
950262
270029
452598
28569
486575
298128
245032
312660
324566
280552
472173
244465
281672
485792
22352
484582
278402
147079
297815
454578
348722
298825
279520
349485
18187
471049
278458
51555
352538
471230
279331
85990
293729
212842
26823
503358
84658
450022
349099
93667
66235
280125
20005256
456167
240936
144162
295712
280647
23770
294482
314679
1581430
296678
364385
457955
480043
455825
273821
292679
422471
480033
220341
492168
316409
316623
340631
449031
417608
14341
278566
319986
486741
128704
274869
486049
462178
130934
283730
461632
248563
123473
455251
470545
248727
44184
242656
123475
30223
949784
250151
311849
471835
296340
319515
492085
548930
162451
278812
275119
312003
153263
319361
474407
90746
89150
348603
507325
338607
320796
452688
279038
30589
271307
548574
450598
8692
347337
277463
270218
296071
468041
299287
494352
480222
294148
291827
470599
308505
315650
250722
311969
1601658
483944
307401
280295
475513
486734
280187
304683
351004
92224
62152
276059
308589
271284
367893
344657
476383
297307
556755
328498
472386
230574
327807
474340
218561
342432
279723
273955
38260
276622
241944
511411
348673
207852
471397
467729
312085
315427
283270
3203
487088
492596
280441
39657
479373
311773
348460
217914
36432
344934
13288
355472
46394
328723
112080
115492
124213
347748